 # time (s), Total Kinetic Energy
   2.9947165801047513E-003   2.4973649922241669E-009
   5.9894331602095025E-003   2.4929262641514808E-009
   8.9841497403142546E-003   2.4866909604748752E-009
   1.1978866320419005E-002   2.4786686781399355E-009
   1.4973582900523755E-002   2.4688715946143797E-009
   1.7968299480628509E-002   2.4573144469994911E-009
   2.0963016060733260E-002   2.4440145086910216E-009
   2.3957732640838010E-002   2.4289915635203606E-009
   2.6952449220942760E-002   2.4122678759224852E-009
   2.9947165801047511E-002   2.3938681569727346E-009
   3.2941882381152261E-002   2.3738195268346384E-009
   3.5936598961257019E-002   2.3521514740732678E-009
   3.8931315541361769E-002   2.3288958117458179E-009
   4.1926032121466519E-002   2.3040866299842370E-009
   4.4920748701571270E-002   2.2777602450477229E-009
   4.7915465281676020E-002   2.2499551451460951E-009
   5.0910181861780771E-002   2.2207119333436332E-009
   5.3904898441885521E-002   2.1900732676122670E-009
   5.6899615021990271E-002   2.1580837979316932E-009
   5.9894331602095022E-002   2.1247901004121693E-009
   6.2889048182199772E-002   2.0902406086141379E-009
   6.5883764762304522E-002   2.0544855423076854E-009
   6.8878481342409273E-002   2.0175768337955188E-009
   7.1873197922514037E-002   1.9795680517807604E-009
   7.4867914502618788E-002   1.9405143227710862E-009
   7.7862631082723538E-002   1.9004722501597030E-009
   8.0857347662828288E-002   1.8594998312422126E-009
   8.3852064242933039E-002   1.8176563723935479E-009
   8.6846780823037789E-002   1.7750024024922039E-009
   8.9841497403142540E-002   1.7315995846054766E-009
   9.2836213983247290E-002   1.6875106260085696E-009
   9.5830930563352040E-002   1.6427991867190438E-009
   9.8825647143456791E-002   1.5975297867648632E-009
  0.10182036372356154        1.5517677123282608E-009
  0.10481508030366629        1.5055789208225805E-009
  0.10780979688377104        1.4590299449662795E-009
  0.11080451346387579        1.4121877960074910E-009
  0.11379923004398054        1.3651198663298765E-009
  0.11679394662408529        1.3178938316468725E-009
  0.11978866320419004        1.2705775529041087E-009
  0.12278337978429481        1.2232389779588158E-009
  0.12577809636439954        1.1759460431380468E-009
  0.12877281294450429        1.1287665748521793E-009
  0.13176752952460904        1.0817681914648503E-009
  0.13476224610471380        1.0350182055714926E-009
  0.13775696268481855        9.8858352677647728E-010
  0.14075167926492330        9.4253056505555178E-010
  0.14374639584502807        8.9692513484965699E-010
  0.14674111242513282        8.5183236008633244E-010
  0.14973582900523758        8.0731658031080807E-010
  0.15273054558534233        7.6344125804579535E-010
  0.15572526216544708        7.2026888745724158E-010
  0.15871997874555183        6.7786090442912313E-010
  0.16171469532565658        6.3627759820941594E-010
  0.16470941190576133        5.9557802481973554E-010
  0.16770412848586608        5.5581992239062890E-010
  0.17069884506597083        5.1705962852248997E-010
  0.17369356164607558        4.7935199973075521E-010
  0.17668827822618033        4.4275033303415444E-010
  0.17968299480628508        4.0730628961781177E-010
  0.18267771138638983        3.7306982081593660E-010
  0.18567242796649458        3.4008909644860425E-010
  0.18866714454659933        3.0841043541875243E-010
  0.19166186112670408        2.7807823911901610E-010
  0.19465657770680883        2.4913492815708899E-010
  0.19765129428691358        2.2162088282885954E-010
  0.20064601086701833        1.9557438747466240E-010
  0.20364072744712308        1.7103157838678608E-010
  0.20663544402722783        1.4802639453540902E-010
  0.20963016060733258        1.2659053030695815E-010
  0.21262487718743733        1.0675338983200554E-010
  0.21561959376754208        8.8542043224042717E-011
  0.21861431034764683        7.1981185664695663E-011
  0.22160902692775158        5.7093100548849380E-011
  0.22460374350785633        4.3897627728680758E-011
  0.22759846008796109        3.2412137037303003E-011
  0.23059317666806584        2.2651506589027647E-011
  0.23358789324817059        1.4628103926153412E-011
  0.23658260982827534        8.3517698505704068E-012
  0.23957732640838009        3.8298054525292586E-012
  0.24257204298848487        1.0669649555412005E-012
  0.24556675956858962        6.5422451421797092E-014
  0.24856147614869437        8.2438987314535647E-013
  0.25155619272879909        3.3404160899797051E-012
  0.25455090930890384        7.6079165082155701E-012
  0.25754562588900859        1.3618803814375785E-011
  0.26054034246911334        2.1362470543684868E-011
  0.26353505904921809        3.0825809378565627E-011
  0.26652977562932284        4.1993235336474470E-011
  0.26952449220942759        5.4846710828522769E-011
  0.27251920878953234        6.9365774299725488E-011
  0.27551392536963709        8.5527571742354935E-011
  0.27850864194974184        1.0330689155973010E-010
  0.28150335852984659        1.2267620294382875E-010
  0.28449807510995134        1.4360569785388676E-010
  0.28749279169005615        1.6606333580622894E-010
  0.29048750827016090        1.9001489190325407E-010
  0.29348222485026565        2.1542400826218439E-010
  0.29647694143037040        2.4225224845028354E-010
  0.29947165801047515        2.7045915471080016E-010
  0.30246637459057990        3.0000230790073301E-010
  0.30546109117068465        3.3083739019263550E-010
  0.30845580775078940        3.6291825052526205E-010
  0.31145052433089415        3.9619697293580718E-010
  0.31444524091099890        4.3062394739248856E-010
  0.31743995749110365        4.6614794280394222E-010
  0.32043467407120840        5.0271618223043921E-010
  0.32342939065131315        5.4027442030972608E-010
  0.32642410723141790        5.7876702287381034E-010
  0.32941882381152265        6.1813704857460556E-010
  0.33241354039162740        6.5832633224825729E-010
  0.33540825697173215        6.9927556980708835E-010
  0.33840297355183691        7.4092440457995121E-010
  0.34139769013194166        7.8321151508361054E-010
  0.34439240671204641        8.2607470414639323E-010
  0.34738712329215116        8.6945098919659990E-010
  0.35038183987225591        9.1327669349754422E-010
  0.35337655645236066        9.5748753818158546E-010
  0.35637127303246541        1.0020187350201217E-009
  0.35936598961257016        1.0468050798731449E-009
  0.36236070619267491        1.0917810466890277E-009
  0.36535542277277966        1.1368808818632267E-009
  0.36835013935288441        1.1820386987835242E-009
  0.37134485593298916        1.2271885724664067E-009
  0.37433957251309391        1.2722646342382665E-009
  0.37733428909319866        1.3172011663840527E-009
  0.38032900567330341        1.3619326966117697E-009
  0.38332372225340816        1.4063940921438000E-009
  0.38631843883351291        1.4505206532763500E-009
  0.38931315541361766        1.4942482063019439E-009
  0.39230787199372241        1.5375131957008179E-009
  0.39530258857382716        1.5802527754645397E-009
  0.39829730515393191        1.6224048993702769E-009
  0.40129202173403666        1.6639084100294028E-009
  0.40428673831414141        1.7047031265830358E-009
  0.40728145489424616        1.7447299309567398E-009
  0.41027617147435091        1.7839308525837625E-009
  0.41327088805445567        1.8222491514742661E-009
  0.41626560463456042        1.8596293994976041E-009
  0.41926032121466517        1.8960175597667786E-009
  0.42225503779476992        1.9313610640348386E-009
  0.42524975437487467        1.9656088879913904E-009
  0.42824447095497942        1.9987116242904715E-009
  0.43123918753508417        2.0306215531099909E-009
  0.43423390411518892        2.0612927100789187E-009
  0.43722862069529367        2.0906809514947182E-009
  0.44022333727539842        2.1187440165760105E-009
  0.44321805385550317        2.1454415869108794E-009
  0.44621277043560792        2.1707353441359368E-009
  0.44920748701571267        2.1945890243687351E-009
  0.45220220359581742        2.2169684688940232E-009
  0.45519692017592217        2.2378416719863249E-009
  0.45819163675602692        2.2571788255560046E-009
  0.46118635333613167        2.2749523607671456E-009
  0.46418106991623642        2.2911369866310622E-009
  0.46717578649634117        2.3057097255199564E-009
  0.47017050307644592        2.3186499454413932E-009
  0.47316521965655067        2.3299393888679172E-009
  0.47615993623665542        2.3395621979494342E-009
  0.47915465281676017        2.3475049360595321E-009
  0.48214936939686498        2.3537566057717761E-009
  0.48514408597696973        2.3583086634150078E-009
  0.48813880255707448        2.3611550302664305E-009
  0.49113351913717923        2.3622921002639330E-009
  0.49412823571728398        2.3617187440064371E-009
  0.49712295229738873        2.3594363088931022E-009
  0.50011766887749343        2.3554486154893054E-009
  0.50311238545759818        2.3497619504115540E-009
  0.50610710203770293        2.3423850560025390E-009
  0.50910181861780768        2.3333291168198984E-009
  0.51209653519791243        2.3226077426771622E-009
  0.51509125177801718        2.3102369478998454E-009
  0.51808596835812193        2.2962351266800117E-009
  0.52108068493822668        2.2806230247504537E-009
  0.52407540151833143        2.2634237077799537E-009
  0.52707011809843618        2.2446625267642980E-009
  0.53006483467854093        2.2243670803685247E-009
  0.53305955125864568        2.2025671739466902E-009
  0.53605426783875043        2.1792947750362848E-009
  0.53904898441885518        2.1545839654362013E-009
  0.54204370099895993        2.1284708902606560E-009
  0.54503841757906468        2.1009937043806461E-009
  0.54803313415916943        2.0721925163912336E-009
  0.55102785073927418        2.0421093299190585E-009
  0.55402256731937893        2.0107879819955657E-009
  0.55701728389948368        1.9782740784396776E-009
  0.56001200047958843        1.9446149265307692E-009
  0.56300671705969318        1.9098594654061894E-009
  0.56600143363979794        1.8740581944526215E-009
  0.56899615021990269        1.8372630996262687E-009
  0.57199086680000744        1.7995275774422668E-009
  0.57498558338011230        1.7609063565075400E-009
  0.57798029996021705        1.7214554168239855E-009
  0.58097501654032180        1.6812319073449624E-009
  0.58396973312042655        1.6402940621929259E-009
  0.58696444970053130        1.5987011156082317E-009
  0.58995916628063605        1.5565132154131932E-009
  0.59295388286074080        1.5137913348142771E-009
  0.59594859944084555        1.4705971826983330E-009
  0.59894331602095030        1.4269931128968070E-009
  0.60193803260105505        1.3830420328897434E-009
  0.60493274918115980        1.3388073120977919E-009
  0.60792746576126455        1.2943526895743750E-009
  0.61092218234136930        1.2497421808853571E-009
  0.61391689892147405        1.2050399842783412E-009
  0.61691161550157880        1.1603103865985254E-009
  0.61990633208168355        1.1156176694615026E-009
  0.62290104866178830        1.0710260158963312E-009
  0.62589576524189305        1.0265994173187140E-009
  0.62889048182199780        9.8240158062622147E-010
  0.63188519840210255        9.3849583548683588E-010
  0.63487991498220731        8.9494504223349770E-010
  0.63787463156231206        8.5181150083491076E-010
  0.64086934814241681        8.0915686113169764E-010
  0.64386406472252156        7.6704203418550786E-010
  0.64685878130262631        7.2552710452700386E-010
  0.64985349788273106        6.8467124337198989E-010
  0.65284821446283581        6.4453262320772539E-010
  0.65584293104294056        6.0516833410215378E-010
  0.65883764762304531        5.6663430211189650E-010
  0.66183236420315006        5.2898520946804885E-010
  0.66482708078325481        4.9227441603518957E-010
  0.66782179736335956        4.5655388260147890E-010
  0.67081651394346431        4.2187409625599803E-010
  0.67381123052356906        3.8828399817937714E-010
  0.67680594710367381        3.5583091395460159E-010
  0.67980066368377856        3.2456048635097154E-010
  0.68279538026388331        2.9451661031489249E-010
  0.68579009684398806        2.6574137033202457E-010
  0.68878481342409281        2.3827498061664857E-010
  0.69177953000419756        2.1215572825131762E-010
  0.69477424658430231        1.8741991955683273E-010
  0.69776896316440706        1.6410182982176894E-010
  0.70076367974451181        1.4223365492233656E-010
  0.70375839632461656        1.2184546544203543E-010
  0.70675311290472131        1.0296516436366987E-010
  0.70974782948482606        8.5618447959511092E-011
  0.71274254606493082        6.9828770464577338E-011
  0.71573726264503557        5.5617314406788314E-011
  0.71873197922514032        4.3002962711411009E-011
  0.72172669580524507        3.2002271625589025E-011
  0.72472141238534982        2.2629447480712676E-011
  0.72771612896545457        1.4896330220718735E-011
  0.73071084554555932        8.8123810200892664E-012
  0.73370556212566407        4.3846756446537166E-012
  0.73670027870576882        1.6178922156310825E-012
  0.73969499528587357        5.1403372488909379E-013
  0.74268971186597832        1.0719913037750783E-012
  0.74568442844608307        3.2880966602291972E-012
  0.74867914502618782        7.1569162152200477E-012
  0.75167386160629257        1.2671041091247959E-011
  0.75466857818639732        1.9820708418312151E-011
  0.75766329476650207        2.8593797711618117E-011
  0.76065801134660682        3.8975853587859142E-011
  0.76365272792671157        5.0950109604448003E-011
  0.76664744450681632        6.4497519890715793E-011
  0.76964216108692107        7.9596783935593113E-011
  0.77263687766702582        9.6224383593050005E-011
  0.77563159424713057        1.1435461906647913E-010
  0.77862631082723532        1.3395964384201646E-010
  0.78162102740734007        1.5500950631736640E-010
  0.78461574398744482        1.7747219796092567E-010
  0.78761046056754958        2.0131370041866185E-010
  0.79060517714765433        2.2649803522028854E-010
  0.79359989372775908        2.5298731653265897E-010
  0.79659461030786383        2.8074180655748693E-010
  0.79958932688796858        3.0971997336859473E-010
  0.80258404346807333        3.3987855309085975E-010
  0.80557876004817808        3.7117261404593049E-010
  0.80857347662828283        4.0355562207681785E-010
  0.81156819320838758        4.3697950813554572E-010
  0.81456290978849233        4.7139473814761213E-010
  0.81755762636859708        5.0675038527357157E-010
  0.82055234294870183        5.4299420422829707E-010
  0.82354705952880658        5.8007270714216752E-010
  0.82654177610891133        6.1793124077280155E-010
  0.82953649268901608        6.5651406548810837E-010
  0.83253120926912083        6.9576443587279496E-010
  0.83552592584922558        7.3562468284508839E-010
  0.83852064242933033        7.7603629707400451E-010
  0.84151535900943508        8.1694001325785458E-010
  0.84451007558953983        8.5827589516009261E-010
  0.84750479216964458        8.9998342153121943E-010
  0.85049950874974933        9.4200157298634309E-010
  0.85349422532985408        9.8426891964890309E-010
  0.85648894190995883        1.0267237092379947E-009
  0.85948365849006358        1.0693039554215965E-009
  0.86247837507016833        1.1119475264911090E-009
  0.86547309165027309        1.1545922344376851E-009
  0.86846780823037784        1.1971759242836280E-009
  0.87146252481048259        1.2396365633020128E-009
  0.87445724139058734        1.2819123298100374E-009
  0.87745195797069209        1.3239417014947352E-009
  0.88044667455079684        1.3656635433930741E-009
  0.88344139113090159        1.4070171950956008E-009
  0.88643610771100634        1.4479425578394976E-009
  0.88943082429111109        1.4883801815707289E-009
  0.89242554087121584        1.5282713501358507E-009
  0.89542025745132059        1.5675581650935979E-009
  0.89841497403142534        1.6061836291855596E-009
  0.90140969061153009        1.6440917291659655E-009
  0.90440440719163484        1.6812275173698855E-009
  0.90739912377173959        1.7175371910952739E-009
  0.91039384035184434        1.7529681692451984E-009
  0.91338855693194909        1.7874691662927184E-009
  0.91638327351205384        1.8209902640944742E-009
  0.91937799009215859        1.8534829821742733E-009
  0.92237270667226334        1.8849003469027062E-009
  0.92536742325236809        1.9151969596373949E-009
  0.92836213983247284        1.9443290634303709E-009
  0.93135685641257759        1.9722546074737748E-009
  0.93435157299268234        1.9989333083000511E-009
  0.93734628957278709        2.0243267071223906E-009
  0.94034100615289185        2.0483982234913453E-009
  0.94333572273299660        2.0711132061389607E-009
  0.94633043931310135        2.0924389819318521E-009
  0.94932515589320610        2.1123449031987257E-009
  0.95231987247331085        2.1308023928906044E-009
  0.95531458905341560        2.1477849867653039E-009
  0.95830930563352035        2.1632683722185527E-009
  0.96130402221362521        2.1772304239843497E-009
  0.96429873879372996        2.1896512370029273E-009
  0.96729345537383471        2.2005131561953028E-009
  0.97028817195393946        2.2098008023009971E-009
  0.97328288853404421        2.2175010929972951E-009
  0.97627760511414896        2.2236032596262911E-009
  0.97927232169425371        2.2280988607047944E-009
  0.98226703827435846        2.2309817932043339E-009
  0.98526175485446321        2.2322483018124453E-009
  0.98825647143456796        2.2318969851518189E-009
  0.99125118801467271        2.2299287974338591E-009
  0.99424590459477746        2.2263470449061421E-009
  0.99724062117488221        2.2211573778652190E-009
   1.0002353377549869        2.2143677797631564E-009
   1.0032300543350916        2.2059885543823649E-009
   1.0062247709151964        2.1960323106915657E-009
   1.0092194874953011        2.1845139440403564E-009
   1.0122142040754059        2.1714506126578165E-009
   1.0152089206555106        2.1568617097226942E-009
   1.0182036372356154        2.1407688324054088E-009
   1.0211983538157201        2.1231957492011914E-009
   1.0241930703958249        2.1041683656132777E-009
   1.0271877869759296        2.0837146869176327E-009
   1.0301825035560344        2.0618647765622514E-009
   1.0331772201361391        2.0386507099487481E-009
   1.0361719367162439        2.0141065248802796E-009
   1.0391666532963486        1.9882681704249712E-009
   1.0421613698764534        1.9611734548534111E-009
   1.0451560864565581        1.9328619916047505E-009
   1.0481508030366629        1.9033751414905575E-009
   1.0511455196167676        1.8727559503164119E-009
   1.0541402361968724        1.8410490829568781E-009
   1.0571349527769771        1.8083007559476750E-009
   1.0601296693570819        1.7745586698487465E-009
   1.0631243859371866        1.7398719406922332E-009
   1.0661191025172914        1.7042910285923660E-009
   1.0691138190973961        1.6678676622800486E-009
   1.0721085356775009        1.6306547603391083E-009
   1.0751032522576056        1.5927063513419273E-009
   1.0780979688377104        1.5540774945095613E-009
   1.0810926854178151        1.5148242003777726E-009
   1.0840874019979199        1.4750033496032751E-009
   1.0870821185780246        1.4346726084170197E-009
   1.0900768351581294        1.3938903411748443E-009
   1.0930715517382341        1.3527155224552004E-009
   1.0960662683183389        1.3112076505071903E-009
   1.0990609848984436        1.2694266617844987E-009
   1.1020557014785484        1.2274328445810162E-009
   1.1050504180586531        1.1852867501960577E-009
   1.1080451346387579        1.1430491021837936E-009
   1.1110398512188626        1.1007807059579609E-009
   1.1140345677989674        1.0585423605818849E-009
   1.1170292843790721        1.0163947723958742E-009
   1.1200240009591769        9.7439846840192911E-010
   1.1230187175392816        9.3261370779142397E-010
   1.1260134341193864        8.9110039221760229E-010
   1.1290081506994911        8.4991797715844517E-010
   1.1320028672795959        8.0912538623688285E-010
   1.1349975838597006        7.6878092815558298E-010
   1.1379923004398054        7.2894221426184678E-010
   1.1409870170199101        6.8966607556483713E-010
   1.1439817336000149        6.5100847887641499E-010
   1.1469764501801196        6.1302444406958680E-010
   1.1499711667602246        5.7576796514739170E-010
   1.1529658833403293        5.3929193442796153E-010
   1.1559605999204341        5.0364806872795007E-010
   1.1589553165005388        4.6888683554247341E-010
   1.1619500330806436        4.3505737898767146E-010
   1.1649447496607483        4.0220744812253810E-010
   1.1679394662408531        3.7038332944329929E-010
   1.1709341828209578        3.3962978309834116E-010
   1.1739288994010626        3.0998998122641447E-010
   1.1769236159811673        2.8150544755875508E-010
   1.1799183325612721        2.5421599771786876E-010
   1.1829130491413768        2.2815968194441227E-010
   1.1859077657214816        2.0337273223143520E-010
   1.1889024823015863        1.7988951340837238E-010
   1.1918971988816911        1.5774247568385004E-010
   1.1948919154617959        1.3696210874820158E-010
   1.1978866320419006        1.1757690045938234E-010
   1.2008813486220054        9.9613299235484740E-011
   1.2038760652021101        8.3095676591798835E-011
   1.2068707817822149        6.8046292875024576E-011
   1.2098654983623196        5.4485267512024669E-011
   1.2128602149424244        4.2430556698646904E-011
   1.2158549315225291        3.1897930366336362E-011
   1.2188496481026339        2.2900951863586912E-011
   1.2218443646827386        1.5450960463174986E-011
   1.2248390812628434        9.5570574324177024E-012
   1.2278337978429481        5.2261008875530101E-012
   1.2308285144230529        2.4625737454908662E-012
   1.2338232310031576        1.2681147256758821E-012
   1.2368179475832624        1.6416905458145234E-012
   1.2398126641633671        3.5799341818698142E-012
   1.2428073807434719        7.0774443350901731E-012
   1.2458020973235766        1.2127187258150504E-011
   1.2487968139036814        1.8720200712922853E-011
   1.2517915304837861        2.6845324878551587E-011
   1.2547862470638909        3.6489202455769893E-011
   1.2577809636439956        4.7636301829460555E-011
   1.2607756802241004        6.0268942187583094E-011
   1.2637703968042051        7.4367323924248677E-011
   1.2667651133843099        8.9909564922243979E-011
   1.2697598299644146        1.0687172945105417E-010
   1.2727545465445194        1.2522786213065789E-010
   1.2757492631246241        1.4495002783488722E-010
   1.2787439797047289        1.6600835124461782E-010
   1.2817386962848336        1.8837106156980564E-010
   1.2847334128649384        2.1200454311333420E-010
   1.2877281294450431        2.3687338125551411E-010
   1.2907228460251479        2.6294041143653044E-010
   1.2937175626052526        2.9016677375925126E-010
   1.2967122791853574        3.1851197133438616E-010
   1.2997069957654621        3.4793392920478050E-010
   1.3027017123455669        3.7838905394567585E-010
   1.3056964289256716        4.0983229563364895E-010
   1.3086911455057764        4.4221721286991500E-010
   1.3116858620858811        4.7549604019301288E-010
   1.3146805786659859        5.0961975714302767E-010
   1.3176752952460906        5.4453815854343341E-010
   1.3206700118261954        5.8019992605957504E-010
   1.3236647284063001        6.1655270149058023E-010
   1.3266594449864049        6.5354316193863158E-010
   1.3296541615665096        6.9111709638949983E-010
   1.3326488781466144        7.2921948311271740E-010
   1.3356435947267191        7.6779456830548555E-010
   1.3386383113068239        8.0678594528481865E-010
   1.3416330278869286        8.4613663445376171E-010
   1.3446277444670334        8.8578916458763216E-010
   1.3476224610471381        9.2568565516427891E-010
   1.3506171776272429        9.6576789923077499E-010
   1.3536118942073476        1.0059774464422450E-009
   1.3566066107874524        1.0462556863384328E-009
   1.3596013273675571        1.0865439321552003E-009
   1.3625960439476619        1.1267835050867850E-009
   1.3655907605277666        1.1669158176549266E-009
   1.3685854771078714        1.2068824593523478E-009
   1.3715801936879761        1.2466252812942698E-009
   1.3745749102680809        1.2860864779881703E-009
   1.3775696268481856        1.3252086688087196E-009
   1.3805643434282904        1.3639349793033321E-009
   1.3835590600083951        1.4022091227682183E-009
   1.3865537765884999        1.4399754820558320E-009
   1.3895484931686046        1.4771791913368686E-009
   1.3925432097487094        1.5137662171711473E-009
   1.3955379263288141        1.5496834378078994E-009
   1.3985326429089189        1.5848787194957829E-009
   1.4015273594890236        1.6193009891842500E-009
   1.4045220760691284        1.6529003041992678E-009
   1.4075167926492331        1.6856279204653114E-009
   1.4105115092293379        1.7174363607781008E-009
   1.4135062258094426        1.7482794834740637E-009
   1.4165009423895474        1.7781125505073750E-009
   1.4194956589696521        1.8068922934371882E-009
   1.4224903755497569        1.8345769768115511E-009
   1.4254850921298616        1.8611264595577037E-009
   1.4284798087099664        1.8865022548766073E-009
   1.4314745252900711        1.9106675887316842E-009
   1.4344692418701759        1.9335874559589535E-009
   1.4374639584502806        1.9552286723235497E-009
   1.4404586750303854        1.9755599217195251E-009
   1.4434533916104901        1.9945517993485573E-009
   1.4464481081905949        2.0121768529746927E-009
   1.4494428247706996        2.0284096242313688E-009
   1.4524375413508044        2.0432266903938729E-009
   1.4554322579309091        2.0566067049746685E-009
   1.4584269745110139        2.0685304342953063E-009
   1.4614216910911186        2.0789807876888588E-009
   1.4644164076712234        2.0879428409516572E-009
   1.4674111242513281        2.0954038547953046E-009
   1.4704058408314329        2.1013532908481045E-009
   1.4734005574115376        2.1057828266334234E-009
   1.4763952739916424        2.1086863687963056E-009
   1.4793899905717471        2.1100600624360352E-009
   1.4823847071518519        2.1099022949504142E-009
   1.4853794237319566        2.1082136948364479E-009
   1.4883741403120614        2.1049971275813159E-009
   1.4913688568921661        2.1002576905040104E-009
   1.4943635734722709        2.0940027063225617E-009
   1.4973582900523756        2.0862417132115651E-009
   1.5003530066324804        2.0769864490959015E-009
   1.5033477232125851        2.0662508300193554E-009
   1.5063424397926899        2.0540509247567508E-009
   1.5093371563727946        2.0404049282690269E-009
   1.5123318729528994        2.0253331347669866E-009
   1.5153265895330041        2.0088579087984189E-009
   1.5183213061131089        1.9910036520901594E-009
   1.5213160226932136        1.9717967653801194E-009
   1.5243107392733184        1.9512656065657253E-009
   1.5273054558534231        1.9294404471080422E-009
   1.5303001724335279        1.9063534272749373E-009
   1.5332948890136326        1.8820385089963367E-009
   1.5362896055937374        1.8565314247448684E-009
   1.5392843221738421        1.8298696222881474E-009
   1.5422790387539469        1.8020922068365394E-009
   1.5452737553340516        1.7732398822466890E-009
   1.5482684719141564        1.7433548913905825E-009
   1.5512631884942611        1.7124809541874591E-009
   1.5542579050743659        1.6806632018353918E-009
   1.5572526216544706        1.6479481074604043E-009
   1.5602473382345754        1.6143834149890380E-009
   1.5632420548146801        1.5800180678881260E-009
   1.5662367713947849        1.5449021376487407E-009
   1.5692314879748896        1.5090867503429183E-009
   1.5722262045549944        1.4726240098642856E-009
   1.5752209211350992        1.4355669183040725E-009
   1.5782156377152039        1.3979692954228460E-009
   1.5812103542953087        1.3598856987988285E-009
   1.5842050708754134        1.3213713443628338E-009
   1.5871997874555182        1.2824820256189653E-009
   1.5901945040356229        1.2432740303828332E-009
   1.5931892206157277        1.2038040558086839E-009
   1.5961839371958324        1.1641291237998508E-009
   1.5991786537759372        1.1243064981821392E-009
   1.6021733703560419        1.0843936029439012E-009
   1.6051680869361467        1.0444479395426859E-009
   1.6081628035162514        1.0045270021112957E-009
   1.6111575200963562        9.6468819152049766E-010
   1.6141522366764609        9.2498873051954134E-010
   1.6171469532565657        8.8548558124964178E-010
   1.6201416698366704        8.4623536436810732E-010
   1.6231363864167752        8.0729427790867095E-010
   1.6261311029968799        7.6871801492368355E-010
   1.6291258195769847        7.3056168109503932E-010
   1.6321205361570894        6.9287971538372946E-010
   1.6351152527371942        6.5572581394179895E-010
   1.6381099693172989        6.1915285385547225E-010
   1.6411046858974037        5.8321281786242782E-010
   1.6440994024775084        5.4795671810819214E-010
   1.6470941190576132        5.1343452256884189E-010
   1.6500888356377179        4.7969508372463353E-010
   1.6530835522178227        4.4678607027843725E-010
   1.6560782687979274        4.1475390112158809E-010
   1.6590729853780322        3.8364367996320213E-010
   1.6620677019581369        3.5349913256910477E-010
   1.6650624185382417        3.2436254485671512E-010
   1.6680571351183464        2.9627470268276712E-010
   1.6710518516984512        2.6927483694632369E-010
   1.6740465682785559        2.4340056997686315E-010
   1.6770412848586607        2.1868786177196654E-010
   1.6800360014387654        1.9517095914952448E-010
   1.6830307180188702        1.7288235164808099E-010
   1.6860254345989749        1.5185272891918700E-010
   1.6890201511790797        1.3211093814457399E-010
   1.6920148677591844        1.1368394233329299E-010
   1.6950095843392892        9.6596782674821826E-011
   1.6980043009193939        8.0872550216216223E-011
   1.7009990174994987        6.6532356283199453E-011
   1.7039937340796034        5.3595303653503416E-011
   1.7069884506597082        4.2078462119908311E-011
   1.7099831672398129        3.1996844597111324E-011
   1.7129778838199177        2.3363389131818493E-011
   1.7159726004000224        1.6188950315644977E-011
   1.7189673169801272        1.0482288223488751E-011
   1.7219620335602319        6.2500133579292522E-012
   1.7249567501403367        3.4962321938936461E-012
   1.7279514667204414        2.2224463018227021E-012
   1.7309461833005462        2.4278376061169765E-012
   1.7339408998806509        4.1094211379009693E-012
   1.7369356164607557        7.2621641188640419E-012
   1.7399303330408604        1.1879215850445910E-011
   1.7429250496209652        1.7952190907698794E-011
   1.7459197662010699        2.5470830705996463E-011
   1.7489144827811747        3.4422824212351543E-011
   1.7519091993612794        4.4793819349767734E-011
   1.7549039159413842        5.6567449456561401E-011
   1.7578986325214889        6.9725354805043212E-011
   1.7608933491015937        8.4247216075907627E-011
   1.7638880656816984        1.0011077762488283E-010
   1.7668827822618032        1.1729188893149853E-010
   1.7698774988419079        1.3576453654933001E-010
   1.7728722154220127        1.5550087735546972E-010
   1.7758669320021174        1.7647128836547901E-010
   1.7788616485822222        1.9864440475918818E-010
   1.7818563651623269        2.2198716243237424E-010
   1.7848510817424317        2.4646484287482749E-010
   1.7878457983225364        2.7204112718795804E-010
   1.7908405149026412        2.9867815032671843E-010
   1.7938352314827459        3.2633655085447558E-010
   1.7968299480628507        3.5497552567484245E-010
   1.7998246646429554        3.8455288999495573E-010
   1.8028193812230602        4.1502513863684225E-010
   1.8058140978031649        4.4634750540526408E-010
   1.8088088143832697        4.7847402469034726E-010
   1.8118035309633744        5.1135759823009296E-010
   1.8147982475434792        5.4495006270940665E-010
   1.8177929641235839        5.7920225857455818E-010
   1.8207876807036887        6.1406409956443420E-010
   1.8237823972837934        6.4948464224083704E-010
   1.8267771138638982        6.8541215649672531E-010
   1.8297718304440029        7.2179419933727297E-010
   1.8327665470241077        7.5857769058804221E-010
   1.8357612636042124        7.9570898882717037E-010
   1.8387559801843172        8.3313396711081642E-010
   1.8417506967644219        8.7079808879093502E-010
   1.8447454133445267        9.0864648459478647E-010
   1.8477401299246314        9.4662403159081364E-010
   1.8507348465047362        9.8467543309550989E-010
   1.8537295630848409        1.0227452966397210E-009
   1.8567242796649457        1.0607782147674977E-009
   1.8597189962450504        1.0987188452466504E-009
   1.8627137128251552        1.1365119882896112E-009
   1.8657084294052599        1.1741026644364839E-009
   1.8687031459853647        1.2114361933919630E-009
   1.8716978625654694        1.2484582732168028E-009
   1.8746925791455742        1.2851150590446803E-009
   1.8776872957256789        1.3213532409191448E-009
   1.8806820123057837        1.3571201206430571E-009
   1.8836767288858884        1.3923636872593677E-009
   1.8866714454659932        1.4270326904510171E-009
   1.8896661620460979        1.4610767114680770E-009
   1.8926608786262027        1.4944462321557990E-009
   1.8956555952063074        1.5270927040688359E-009
   1.8986503117864122        1.5589686179510224E-009
   1.9016450283665169        1.5900275725121794E-009
   1.9046397449466217        1.6202243411693533E-009
   1.9076344615267264        1.6495149359716214E-009
   1.9106291781068312        1.6778566699334799E-009
   1.9136238946869359        1.7052082200423366E-009
   1.9166186112670407        1.7315296921571991E-009
   1.9196133278471457        1.7567826865039989E-009
   1.9226080444272504        1.7809303605463469E-009
   1.9256027610073552        1.8039374863166182E-009
   1.9285974775874599        1.8257705016482313E-009
   1.9315921941675647        1.8463975573696399E-009
   1.9345869107476694        1.8657885635027912E-009
   1.9375816273277742        1.8839152363002392E-009
   1.9405763439078789        1.9007511456057238E-009
   1.9435710604879837        1.9162717602546736E-009
   1.9465657770680884        1.9304544891665084E-009
   1.9495604936481932        1.9432787172732881E-009
   1.9525552102282979        1.9547258372535056E-009
   1.9555499268084027        1.9647792787822189E-009
   1.9585446433885074        1.9734245361050554E-009
   1.9615393599686122        1.9806491929096067E-009
   1.9645340765487169        1.9864429418519783E-009
   1.9675287931288217        1.9907975987794638E-009
   1.9705235097089264        1.9937071117563636E-009
   1.9735182262890312        1.9951675656352872E-009
   1.9765129428691359        1.9951771852841509E-009
   1.9795076594492407        1.9937363379031728E-009
   1.9825023760293454        1.9908475322289304E-009
   1.9854970926094502        1.9865154125933162E-009
   1.9884918091895549        1.9807467480357997E-009
   1.9914865257696597        1.9735504188453939E-009
   1.9944812423497644        1.9649374025083247E-009
   1.9974759589298692        1.9549207582139291E-009
   2.0004706755099737        1.9435156067115087E-009
   2.0034653920900785        1.9307391031693781E-009
   2.0064601086701832        1.9166104043544382E-009
   2.0094548252502880        1.9011506344069246E-009
   2.0124495418303927        1.8843828525186307E-009
   2.0154442584104975        1.8663320214812290E-009
   2.0184389749906022        1.8470249724507824E-009
   2.0214336915707070        1.8264903620860175E-009
   2.0244284081508117        1.8047586229366582E-009
   2.0274231247309165        1.7818619120752910E-009
   2.0304178413110212        1.7578340623332373E-009
   2.0334125578911260        1.7327105354991945E-009
   2.0364072744712307        1.7065283724982903E-009
   2.0394019910513355        1.6793261362715014E-009
   2.0423967076314402        1.6511438477084815E-009
   2.0453914242115450        1.6220229197221866E-009
   2.0483861407916497        1.5920060945332291E-009
   2.0513808573717545        1.5611373838707348E-009
   2.0543755739518592        1.5294620069765941E-009
   2.0573702905319640        1.4970263216496662E-009
   2.0603650071120687        1.4638777488196536E-009
   2.0633597236921735        1.4300646960469849E-009
   2.0663544402722782        1.3956364849430584E-009
   2.0693491568523830        1.3606432821550769E-009
   2.0723438734324877        1.3251360286628323E-009
   2.0753385900125925        1.2891663627010881E-009
   2.0783333065926972        1.2527865371448555E-009
   2.0813280231728020        1.2160493370946908E-009
   2.0843227397529067        1.1790080026308689E-009
   2.0873174563330115        1.1417161559459983E-009
   2.0903121729131162        1.1042277271120400E-009
   2.0933068894932210        1.0665968736663372E-009
   2.0963016060733257        1.0288778951642434E-009
   2.0992963226534305        9.9112514882280781E-010
   2.1022910392335352        9.5339297130005014E-010
   2.1052857558136400        9.1573560573089674E-010
   2.1082804723937447        8.7820712743638669E-010
   2.1112751889738495        8.4086136339673022E-010
   2.1142699055539542        8.0375180775276352E-010
   2.1172646221340590        7.6693153960535378E-010
   2.1202593387141637        7.3045314827145925E-010
   2.1232540552942685        6.9436866485213661E-010
   2.1262487718743732        6.5872949408718209E-010
   2.1292434884544780        6.2358633864215174E-010
   2.1322382050345827        5.8898912001411011E-010
   2.1352329216146875        5.5498690279288767E-010
   2.1382276381947922        5.2162782833691454E-010
   2.1412223547748970        4.8895905278794033E-010
   2.1442170713550017        4.5702668369891639E-010
   2.1472117879351065        4.2587571212898112E-010
   2.1502065045152112        3.9554994575153278E-010
   2.1532012210953160        3.6609194881587444E-010
   2.1561959376754207        3.3754298345532175E-010
   2.1591906542555255        3.0994295863645761E-010
   2.1621853708356302        2.8333037571016274E-010
   2.1651800874157350        2.5774226989285283E-010
   2.1681748039958397        2.3321415647636221E-010
   2.1711695205759445        2.0977998830496600E-010
   2.1741642371560492        1.8747211156666076E-010
   2.1771589537361540        1.6632122399043842E-010
   2.1801536703162587        1.4635632754127673E-010
   2.1831483868963635        1.2760468968852179E-010
   2.1861431034764682        1.1009181043113149E-010
   2.1891378200565730        9.3841390203664129E-011
   2.1921325366366777        7.8875299006069293E-011
   2.1951272532167825        6.5213550712400676E-011
   2.1981219697968872        5.2874272777276152E-011
   2.2011166863769920        4.1873679337916377E-011
   2.2041114029570967        3.2226058045210378E-011
   2.2071061195372015        2.3943757906628326E-011
   2.2101008361173062        1.7037174939746860E-011
   2.2130955526974110        1.1514730601372019E-011
   2.2160902692775157        7.3826716370210731E-012
   2.2190849858576205        4.6447790625915264E-012
   2.2220797024377252        3.3025760030128983E-012
   2.2250744190178300        3.3555010900508520E-012
   2.2280691355979347        4.8009672098915299E-012
   2.2310638521780395        7.6344262751758378E-012
   2.2340585687581442        1.1849444959777050E-011
   2.2370532853382490        1.7437939795187502E-011
   2.2400480019183537        2.4390391433022122E-011
   2.2430427184984585        3.2695483140592843E-011
   2.2460374350785632        4.2339983482120232E-011
   2.2490321516586680        5.3308758687666090E-011
   2.2520268682387727        6.5584804712930299E-011
   2.2550215848188775        7.9149279927433323E-011
   2.2580163013989822        9.3981532010195945E-011
   2.2610110179790870        1.1005911786641390E-010
   2.2640057345591917        1.2735784075090125E-010
   2.2670004511392965        1.4585177775308219E-010
   2.2699951677194012        1.6551333037683438E-010
   2.2729898842995060        1.8631326885296737E-010
   2.2759846008796107        2.0822075876399866E-010
   2.2789793174597155        2.3120339267025360E-010
   2.2819740340398202        2.5522724731596839E-010
   2.2849687506199250        2.8025694378325786E-010
   2.2879634672000297        3.0625568941844660E-010
   2.2909581837801345        3.3318532413592809E-010
   2.2939529003602392        3.6100637204969704E-010
   2.2969476169403440        3.8967809574558140E-010
   2.2999423335204492        4.1915855590262383E-010
   2.3029370501005539        4.4940467247699880E-010
   2.3059317666806587        4.8037228416937068E-010
   2.3089264832607634        5.1201620955761515E-010
   2.3119211998408682        5.4429030901589736E-010
   2.3149159164209729        5.7714754767797598E-010
   2.3179106330010777        6.1054006124748215E-010
   2.3209053495811824        6.4441922449872265E-010
   2.3239000661612872        6.7873572144513306E-010
   2.3268947827413919        7.1343961478401498E-010
   2.3298894993214967        7.4848041465036210E-010
   2.3328842159016014        7.8380714908311488E-010
   2.3358789324817062        8.1936843743318361E-010
   2.3388736490618109        8.5511256538967869E-010
   2.3418683656419157        8.9098755776967998E-010
   2.3448630822220204        9.2694125345910129E-010
   2.3478577988021252        9.6292137932522428E-010
   2.3508525153822299        9.9887562209992485E-010
   2.3538472319623347        1.0347517025383477E-009
   2.3568419485424394        1.0704974513488756E-009
   2.3598366651225442        1.1060608850834920E-009
   2.3628313817026489        1.1413902809987835E-009
   2.3658260982827537        1.1764342510999287E-009
   2.3688208148628584        1.2111418155127045E-009
   2.3718155314429632        1.2454624739373067E-009
   2.3748102480230679        1.2793462743196483E-009
   2.3778049646031727        1.3127438786543561E-009
   2.3807996811832774        1.3456066281238635E-009
   2.3837943977633822        1.3778866108795735E-009
   2.3867891143434870        1.4095367330196609E-009
   2.3897838309235917        1.4405107897771565E-009
   2.3927785475036965        1.4707635327470532E-009
   2.3957732640838012        1.5002507316006900E-009
   2.3987679806639060        1.5289292330312760E-009
   2.4017626972440107        1.5567570218034769E-009
   2.4047574138241155        1.5836932867668890E-009
   2.4077521304042202        1.6096984902361541E-009
   2.4107468469843250        1.6347344359718160E-009
   2.4137415635644297        1.6587643314531928E-009
   2.4167362801445345        1.6817528427560365E-009
   2.4197309967246392        1.7036661471434196E-009
   2.4227257133047440        1.7244719859773720E-009
   2.4257204298848487        1.7441397168920290E-009
   2.4287151464649535        1.7626403657699224E-009
   2.4317098630450582        1.7799466769146189E-009
   2.4347045796251630        1.7960331593220575E-009
   2.4376992962052677        1.8108761289364467E-009
   2.4406940127853725        1.8244537484700922E-009
   2.4436887293654772        1.8367460665214819E-009
   2.4466834459455820        1.8477350556763817E-009
   2.4496781625256867        1.8574046465828894E-009
   2.4526728791057915        1.8657407543756755E-009
   2.4556675956858962        1.8727312966550111E-009
   2.4586623122660010        1.8783662065843726E-009
   2.4616570288461057        1.8826374464502132E-009
   2.4646517454262105        1.8855390237879163E-009
   2.4676464620063152        1.8870670061520181E-009
   2.4706411785864200        1.8872195274024488E-009
   2.4736358951665247        1.8859967817900387E-009
   2.4766306117466295        1.8834010098632138E-009
   2.4796253283267342        1.8794364852724731E-009
   2.4826200449068390        1.8741095086224717E-009
   2.4856147614869437        1.8674284055959012E-009
   2.4886094780670485        1.8594035197004795E-009
   2.4916041946471532        1.8500471918778472E-009
   2.4945989112272580        1.8393737284703512E-009
   2.4975936278073627        1.8273993670347726E-009
   2.5005883443874675        1.8141422484983605E-009
   2.5035830609675722        1.7996223949946130E-009
   2.5065777775476770        1.7838616842777725E-009
   2.5095724941277817        1.7668838122655334E-009
   2.5125672107078865        1.7487142445003279E-009
   2.5155619272879912        1.7293801660739010E-009
   2.5185566438680960        1.7089104390235962E-009
   2.5215513604482007        1.6873355666759453E-009
   2.5245460770283055        1.6646876551986120E-009
   2.5275407936084102        1.6410003629153308E-009
   2.5305355101885150        1.6163088376356318E-009
   2.5335302267686197        1.5906496518759858E-009
   2.5365249433487245        1.5640607458758496E-009
   2.5395196599288292        1.5365813786472408E-009
   2.5425143765089340        1.5082520774517250E-009
   2.5455090930890387        1.4791145758206600E-009
   2.5485038096691435        1.4492117398013152E-009
   2.5514985262492482        1.4185874920362264E-009
   2.5544932428293530        1.3872867437599547E-009
   2.5574879594094577        1.3553553354355281E-009
   2.5604826759895625        1.3228399769442632E-009
   2.5634773925696672        1.2897881777459538E-009
   2.5664721091497720        1.2562481666061520E-009
   2.5694668257298767        1.2222688100205834E-009
   2.5724615423099815        1.1878995387688110E-009
   2.5754562588900862        1.1531902829316340E-009
   2.5784509754701910        1.1181914065326447E-009
   2.5814456920502957        1.0829536331167341E-009
   2.5844404086304005        1.0475279625978676E-009
   2.5874351252105052        1.0119655878877564E-009
   2.5904298417906100        9.7631781961216769E-010
   2.5934245583707147        9.4063601917890415E-010
   2.5964192749508195        9.0497153151051402E-010
   2.5994139915309242        8.6937560968065042E-010
   2.6024087081110290        8.3389933119855441E-010
   2.6054034246911337        7.9859351617489826E-010
   2.6083981412712385        7.6350865573175456E-010
   2.6113928578513432        7.2869484860943431E-010
   2.6143875744314480        6.9420173708399037E-010
   2.6173822910115527        6.6007843590537246E-010
   2.6203770075916575        6.2637345363453560E-010
   2.6233717241717622        5.9313461711412763E-010
   2.6263664407518670        5.6040900713256193E-010
   2.6293611573319717        5.2824290236550331E-010
   2.6323558739120765        4.9668171955131252E-010
   2.6353505904921812        4.6576994425153017E-010
   2.6383453070722860        4.3555105856122084E-010
   2.6413400236523907        4.0606747997954157E-010
   2.6443347402324955        3.7736051334000107E-010
   2.6473294568126002        3.4947030045589587E-010
   2.6503241733927050        3.2243576881885340E-010
   2.6533188899728097        2.9629456799805935E-010
   2.6563136065529145        2.7108300749116040E-010
   2.6593083231330192        2.4683601293581171E-010
   2.6623030397131240        2.2358709276943516E-010
   2.6652977562932287        2.0136829790575832E-010
   2.6682924728733335        1.8021017233552766E-010
   2.6712871894534382        1.6014169935655370E-010
   2.6742819060335430        1.4119026601705196E-010
   2.6772766226136477        1.2338163242165051E-010
   2.6802713391937525        1.0673990740981033E-010
   2.6832660557738572        9.1287519726765847E-011
   2.6862607723539620        7.7045186875548818E-011
   2.6892554889340667        6.4031874232609812E-011
   2.6922502055141715        5.2264765957146235E-011
   2.6952449220942762        4.1759260872952444E-011
   2.6982396386743810        3.2528962542434613E-011
   2.7012343552544857        2.4585663097323095E-011
   2.7042290718345905        1.7939323812841202E-011
   2.7072237884146952        1.2597989218453759E-011
   2.7102185049948000        8.5674730666284542E-012
   2.7132132215749047        5.8513850482560296E-012
   2.7162079381550095        4.4513498306533848E-012
   2.7192026547351142        4.3670539964076652E-012
   2.7221973713152190        5.5962721873866367E-012
   2.7251920878953237        8.1349292662877848E-012
   2.7281868044754285        1.1977159363514004E-011
   2.7311815210555332        1.7115371967988342E-011
   2.7341762376356380        2.3540477025214796E-011
   2.7371709542157427        3.1242011751429672E-011
   2.7401656707958475        4.0207786309014396E-011
   2.7431603873759522        5.0423829772199183E-011
   2.7461551039560570        6.1874421961244878E-011
   2.7491498205361617        7.4542116823893761E-011
   2.7521445371162665        8.8407759021078294E-011
   2.7551392536963712        1.0345050620412956E-010
   2.7581339702764760        1.1964786587429227E-010
   2.7611286868565807        1.3697573406458865E-010
   2.7641234034366855        1.5540842681481994E-010
   2.7671181200167903        1.7491871557289231E-010
   2.7701128365968950        1.9547785091071274E-010
   2.7731075531769998        2.1705559675735790E-010
   2.7761022697571045        2.3962029355023644E-010
   2.7790969863372093        2.6313890882687057E-010
   2.7820917029173140        2.8757706749187059E-010
   2.7850864194974188        3.1289909072917000E-010
   2.7880811360775235        3.3906804520387921E-010
   2.7910758526576283        3.6604580008776738E-010
   2.7940705692377330        3.9379308619347121E-010
   2.7970652858178378        4.2226954606318576E-010
   2.8000600023979425        4.5143378588235482E-010
   2.8030547189780473        4.8124343126497336E-010
   2.8060494355581520        5.1165518580074663E-010
   2.8090441521382568        5.4262489229002120E-010
   2.8120388687183615        5.7410759584781467E-010
   2.8150335852984663        6.0605760692987116E-010
   2.8180283018785710        6.3842856441649269E-010
   2.8210230184586758        6.7117349963677615E-010
   2.8240177350387805        7.0424490260717253E-010
   2.8270124516188853        7.3759479092822803E-010
   2.8300071681989900        7.7117477830727562E-010
   2.8330018847790948        8.0493614159937231E-010
   2.8359966013591995        8.3882989183273850E-010
   2.8389913179393043        8.7280684078745340E-010
   2.8419860345194090        9.0681766679106587E-010
   2.8449807510995138        9.4081298441545890E-010
   2.8479754676796185        9.7474341591650443E-010
   2.8509701842597233        1.0085596631161548E-009
   2.8539649008398280        1.0422125793000476E-009
   2.8569596174199328        1.0756532409764719E-009
   2.8599543340000375        1.1088330184992851E-009
   2.8629490505801423        1.1417036418457739E-009
   2.8659437671602470        1.1742172596505686E-009
   2.8689384837403518        1.2063264945264423E-009
   2.8719332003204565        1.2379845009948697E-009
   2.8749279169005613        1.2691450314139605E-009
   2.8779226334806660        1.2997625094392258E-009
   2.8809173500607708        1.3297921044769247E-009
   2.8839120666408755        1.3591897991738892E-009
   2.8869067832209803        1.3879124478000908E-009
   2.8899014998010850        1.4159178295058672E-009
   2.8928962163811898        1.4431647030319262E-009
   2.8958909329612945        1.4696128686314353E-009
   2.8988856495413993        1.4952232376197118E-009
   2.9018803661215040        1.5199579047633561E-009
   2.9048750827016088        1.5437802181026917E-009
   2.9078697992817135        1.5666548425053678E-009
   2.9108645158618183        1.5885478164182623E-009
   2.9138592324419230        1.6094266040033973E-009
   2.9168539490220278        1.6292601457710646E-009
   2.9198486656021325        1.6480189096338050E-009
   2.9228433821822373        1.6656749422026035E-009
   2.9258380987623420        1.6822019191117382E-009
   2.9288328153424468        1.6975751941042962E-009
   2.9318275319225515        1.7117718480778485E-009
   2.9348222485026563        1.7247707386693383E-009
   2.9378169650827610        1.7365525475517683E-009
   2.9408116816628658        1.7470998193541950E-009
   2.9438063982429705        1.7563969873044852E-009
   2.9468011148230753        1.7644303872374998E-009
   2.9497958314031800        1.7711882687447974E-009
   2.9527905479832848        1.7766608130222866E-009
   2.9557852645633895        1.7808401591330745E-009
   2.9587799811434943        1.7837204297686582E-009
   2.9617746977235990        1.7852977437111804E-009
   2.9647694143037038        1.7855702094621915E-009
   2.9677641308838085        1.7845379072071640E-009
   2.9707588474639133        1.7822028731563982E-009
   2.9737535640440180        1.7785690948962691E-009
   2.9767482806241228        1.7736425134996580E-009
   2.9797429972042275        1.7674310196574781E-009
   2.9827377137843323        1.7599444347846777E-009
   2.9857324303644370        1.7511944800900011E-009
   2.9887271469445418        1.7411947451970334E-009
   2.9917218635246465        1.7299606647950508E-009
   2.9947165801047513        1.7175095003099494E-009
   2.9977112966848560        1.7038603153391736E-009
   3.0007060132649608        1.6890339369552576E-009
   3.0037007298450655        1.6730529066881457E-009
   3.0066954464251703        1.6559414333369375E-009
   3.0096901630052750        1.6377253562255425E-009
   3.0126848795853798        1.6184321153616892E-009
   3.0156795961654845        1.5980907161263547E-009
   3.0186743127455893        1.5767316794025111E-009
   3.0216690293256940        1.5543869803063313E-009
   3.0246637459057988        1.5310899878493415E-009
   3.0276584624859035        1.5068754148754831E-009
   3.0306531790660083        1.4817792754552968E-009
   3.0336478956461130        1.4558388376629046E-009
   3.0366426122262178        1.4290925625007559E-009
   3.0396373288063225        1.4015800318088467E-009
   3.0426320453864273        1.3733418772462465E-009
   3.0456267619665320        1.3444197196878222E-009
   3.0486214785466368        1.3148561165185983E-009
   3.0516161951267415        1.2846945053340074E-009
   3.0546109117068463        1.2539791354507349E-009
   3.0576056282869510        1.2227549902746044E-009
   3.0606003448670558        1.1910677119503949E-009
   3.0635950614471605        1.1589635362337668E-009
   3.0665897780272653        1.1264892338450165E-009
   3.0695844946073700        1.0936920469014654E-009
   3.0725792111874748        1.0606196134982801E-009
   3.0755739277675795        1.0273198855959771E-009
   3.0785686443476843        9.9384105340723891E-010
   3.0815633609277890        9.6023148323471055E-010
   3.0845580775078938        9.2653965774920652E-010
   3.0875527940879985        8.9281410828852738E-010
   3.0905475106681033        8.5910333387846864E-010
   3.0935422272482080        8.2545571907007251E-010
   3.0965369438283128        7.9191946072703041E-010
   3.0995316604084175        7.5854250912194753E-010
   3.1025263769885223        7.2537251340981184E-010
   3.1055210935686270        6.9245675650303962E-010
   3.1085158101487318        6.5984207821128720E-010
   3.1115105267288365        6.2757479627391614E-010
   3.1145052433089413        5.9570063690633818E-010
   3.1174999598890460        5.6426468420202492E-010
   3.1204946764691508        5.3331133331011627E-010
   3.1234893930492555        5.0288423092396121E-010
   3.1264841096293603        4.7302619956403135E-010
   3.1294788262094650        4.4377916181761661E-010
   3.1324735427895698        4.1518408395543902E-010
   3.1354682593696745        3.8728094236690037E-010
   3.1384629759497793        3.6010868112204540E-010
   3.1414576925298840        3.3370515845576994E-010
   3.1444524091099888        3.0810707519348213E-010
   3.1474471256900936        2.8334990851691637E-010
   3.1504418422701983        2.5946787592130408E-010
   3.1534365588503031        2.3649391538240859E-010
   3.1564312754304078        2.1445964976674680E-010
   3.1594259920105126        1.9339532989085957E-010
   3.1624207085906173        1.7332977124883683E-010
   3.1654154251707221        1.5429031855226722E-010
   3.1684101417508268        1.3630282316660381E-010
   3.1714048583309316        1.1939162758764648E-010
   3.1743995749110363        1.0357953761453802E-010
   3.1773942914911411        8.8887783117534684E-011
   3.1803890080712458        7.5335967447967157E-011
   3.1833837246513506        6.2942037130589004E-011
   3.1863784412314553        5.1722289147124987E-011
   3.1893731578115601        4.1691367239602372E-011
   3.1923678743916648        3.2862237891637507E-011
   3.1953625909717696        2.5246161655106424E-011
   3.1983573075518743        1.8852651435611835E-011
   3.2013520241319791        1.3689287374194122E-011
   3.2043467407120838        9.7615539758658319E-012
   3.2073414572921886        7.0730103821833073E-012
   3.2103361738722933        5.6253779743674961E-012
   3.2133308904523981        5.4185504679049375E-012
   3.2163256070325028        6.4506393214675632E-012
   3.2193203236126076        8.7180313686373980E-012
   3.2223150401927123        1.2215432364361979E-011
   3.2253097567728171        1.6935876623866351E-011
   3.2283044733529218        2.2870795533781877E-011
   3.2312991899330266        3.0010269801078077E-011
   3.2342939065131313        3.8343044695635540E-011
   3.2372886230932361        4.7856238983191390E-011
   3.2402833396733408        5.8535327146861791E-011
   3.2432780562534456        7.0364164994280353E-011
   3.2462727728335503        8.3324995744613341E-011
   3.2492674894136551        9.7398477758098250E-011
   3.2522622059937598        1.1256372054121187E-010
   3.2552569225738646        1.2879832083300179E-010
   3.2582516391539693        1.4607838761196934E-010
   3.2612463557340741        1.6437855992253407E-010
   3.2642410723141788        1.8367204017831311E-010
   3.2672357888942836        2.0393063760071473E-010
   3.2702305054743883        2.2512481904044509E-010
   3.2732252220544931        2.4722375120142965E-010
   3.2762199386345978        2.7019532314063619E-010
   3.2792146552147026        2.9400618194164120E-010
   3.2822093717948073        3.1862178404438830E-010
   3.2852040883749121        3.4400645498927722E-010
   3.2881988049550168        3.7012344037817806E-010
   3.2911935215351216        3.9693494526618915E-010
   3.2941882381152263        4.2440218005180358E-010
   3.2971829546953311        4.5248541410164929E-010
   3.3001776712754358        4.8114403376286903E-010
   3.3031723878555406        5.1033660141763503E-010
   3.3061671044356453        5.4002091304179683E-010
   3.3091618210157501        5.7015405400665660E-010
   3.3121565375958548        6.0069245693085203E-010
   3.3151512541759596        6.3159196356388320E-010
   3.3181459707560643        6.6280788998490304E-010
   3.3211406873361691        6.9429509059562517E-010
   3.3241354039162738        7.2600801878207863E-010
   3.3271301204963786        7.5790079302881771E-010
   3.3301248370764833        7.8992725597551049E-010
   3.3331195536565881        8.2204103301781825E-010
   3.3361142702366928        8.5419559706622555E-010
   3.3391089868167976        8.8634433610574375E-010
   3.3421037033969023        9.1844062096661520E-010
   3.3450984199770071        9.5043787410037907E-010
   3.3480931365571118        9.8228963996068801E-010
   3.3510878531372166        1.0139496542179417E-009
   3.3540825697173213        1.0453719057561115E-009
   3.3570772862974261        1.0765106866708933E-009
   3.3600720028775308        1.1073206338536758E-009
   3.3630667194576356        1.1377567740008525E-009
   3.3660614360377403        1.1677745831281195E-009
   3.3690561526178451        1.1973300607321459E-009
   3.3720508691979498        1.2263798149314308E-009
   3.3750455857780546        1.2548811355833361E-009
   3.3780403023581593        1.2827920480904466E-009
   3.3810350189382641        1.3100713578699850E-009
   3.3840297355183688        1.3366786955329244E-009
   3.3870244520984736        1.3625745714165014E-009
   3.3900191686785783        1.3877204425845036E-009
   3.3930138852586831        1.4120787896395905E-009
   3.3960086018387878        1.4356131964669620E-009
   3.3990033184188926        1.4582884246622504E-009
   3.4019980349989973        1.4800704769921967E-009
   3.4049927515791021        1.5009266501592150E-009
   3.4079874681592068        1.5208255827666404E-009
   3.4109821847393116        1.5397373053216874E-009
   3.4139769013194163        1.5576332946430238E-009
   3.4169716178995211        1.5744865296578242E-009
   3.4199663344796258        1.5902715447685477E-009
   3.4229610510597306        1.6049644818092166E-009
   3.4259557676398353        1.6185431443178772E-009
   3.4289504842199401        1.6309870549477050E-009
   3.4319452008000448        1.6422775089847645E-009
   3.4349399173801496        1.6523976119592169E-009
   3.4379346339602543        1.6613322958534906E-009
   3.4409293505403591        1.6690683225283332E-009
   3.4439240671204638        1.6755942921361415E-009
   3.4469187837005686        1.6809006683874099E-009
   3.4499135002806733        1.6849798151056275E-009
   3.4529082168607781        1.6878260248246914E-009
   3.4559029334408828        1.6894355232394804E-009
   3.4588976500209876        1.6898064509011156E-009
   3.4618923666010923        1.6889388396196857E-009
   3.4648870831811971        1.6868346008652184E-009
   3.4678817997613018        1.6834975277849677E-009
   3.4708765163414066        1.6789332967203570E-009
   3.4738712329215113        1.6731494532772015E-009
   3.4768659495016161        1.6661553819968186E-009
   3.4798606660817208        1.6579622728525988E-009
   3.4828553826618256        1.6485830978495726E-009
   3.4858500992419303        1.6380325972547221E-009
   3.4888448158220351        1.6263272617664501E-009
   3.4918395324021398        1.6134852978872477E-009
   3.4948342489822446        1.5995265780142103E-009
   3.4978289655623493        1.5844725898887245E-009
   3.5008236821424541        1.5683463987587753E-009
   3.5038183987225588        1.5511726211760649E-009
   3.5068131153026636        1.5329773962540950E-009
   3.5098078318827683        1.5137883414817872E-009
   3.5128025484628731        1.4936344942788029E-009
   3.5157972650429778        1.4725462529815418E-009
   3.5187919816230826        1.4505553292552526E-009
   3.5217866982031873        1.4276947099877705E-009
   3.5247814147832921        1.4039986149634951E-009
   3.5277761313633968        1.3795024391271102E-009
   3.5307708479435016        1.3542426826280130E-009
   3.5337655645236064        1.3282568828852979E-009
   3.5367602811037111        1.3015835596894385E-009
   3.5397549976838159        1.2742621697967212E-009
   3.5427497142639206        1.2463330563026590E-009
   3.5457444308440254        1.2178373824514196E-009
   3.5487391474241301        1.1888170546294451E-009
   3.5517338640042349        1.1593146496731200E-009
   3.5547285805843396        1.1293733563399678E-009
   3.5577232971644444        1.0990369254513048E-009
   3.5607180137445491        1.0683496125393482E-009
   3.5637127303246539        1.0373561032747998E-009
   3.5667074469047586        1.0061014303622009E-009
   3.5697021634848634        9.7463089905915986E-010
   3.5726968800649681        9.4299003056624773E-010
   3.5756915966450729        9.1122451658670874E-010
   3.5786863132251776        8.7938016198955115E-010
   3.5816810298052824        8.4750280038797178E-010
   3.5846757463853871        8.1563820529241967E-010
   3.5876704629654919        7.8383201764792824E-010
   3.5906651795455966        7.5212969637548271E-010
   3.5936598961257014        7.2057647761869678E-010
   3.5966546127058061        6.8921731905139639E-010
   3.5996493292859109        6.5809682029138857E-010
   3.6026440458660156        6.2725913870755548E-010
   3.6056387624461204        5.9674792054699952E-010
   3.6086334790262251        5.6660625519596864E-010
   3.6116281956063299        5.3687664087621612E-010
   3.6146229121864346        5.0760093434809949E-010
   3.6176176287665394        4.7882027428819805E-010
   3.6206123453466441        4.5057499993491336E-010
   3.6236070619267489        4.2290459069004067E-010
   3.6266017785068536        3.9584763977532856E-010
   3.6295964950869584        3.6944182743967304E-010
   3.6325912116670631        3.4372387103333108E-010
   3.6355859282471679        3.1872945114842709E-010
   3.6385806448272726        2.9449313570764380E-010
   3.6415753614073774        2.7104834161852007E-010
   3.6445700779874821        2.4842732671003055E-010
   3.6475647945675869        2.2666116523718550E-010
   3.6505595111476916        2.0577969307240173E-010
   3.6535542277277964        1.8581143420905940E-010
   3.6565489443079011        1.6678355933360914E-010
   3.6595436608880059        1.4872186474582515E-010
   3.6625383774681106        1.3165076664186328E-010
   3.6655330940482154        1.1559327932226848E-010
   3.6685278106283201        1.0057097608457510E-010
   3.6715225272084249        8.6603927424693411E-011
   3.6745172437885296        7.3710662310375399E-011
   3.6775119603686344        6.1908178760334251E-011
   3.6805066769487391        5.1211955011412857E-011
   3.6835013935288439        4.1635925545306060E-011
   3.6864961101089486        3.3192443359433265E-011
   3.6894908266890534        2.5892239302484069E-011
   3.6924855432691581        1.9744346858317008E-011
   3.6954802598492629        1.4755890551818334E-011
   3.6984749764293676        1.0932158457061801E-011
   3.7014696930094724        8.2766701864482255E-012
   3.7044644095895771        6.7912140310548761E-012
   3.7074591261696819        6.4758828777604072E-012
   3.7104538427497866        7.3291117030918604E-012
   3.7134485593298914        9.3477290141454456E-012
   3.7164432759099961        1.2526972202010759E-011
   3.7194379924901009        1.6860480035907894E-011
   3.7224327090702056        2.2340349890358097E-011
   3.7254274256503104        2.8957231467026404E-011
   3.7284221422304151        3.6700523254625500E-011
   3.7314168588105199        4.5558325129236086E-011
   3.7344115753906246        5.5517218743877214E-011
   3.7374062919707294        6.6562265670455732E-011
   3.7404010085508341        7.8677015018458622E-011
   3.7433957251309389        9.1843527921075541E-011
   3.7463904417110436        1.0604241555480075E-010
   3.7493851582911484        1.2125285588310660E-010
   3.7523798748712531        1.3745261945609425E-010
   3.7553745914513579        1.5461809295611984E-010
   3.7583693080314626        1.7272431084688208E-010
   3.7613640246115674        1.9174499974041963E-010
   3.7643587411916721        2.1165261938489151E-010
   3.7673534577717769        2.3241839061248637E-010
   3.7703481743518816        2.5401231930225421E-010
   3.7733428909319864        2.7640323559897677E-010
   3.7763376075120911        2.9955884638686324E-010
   3.7793323240921959        3.2344578960825116E-010
   3.7823270406723006        3.4802967371339003E-010
   3.7853217572524054        3.7327511162161222E-010
   3.7883164738325101        3.9914576477210664E-010
   3.7913111904126149        4.2560439606265809E-010
   3.7943059069927196        4.5261292573880345E-010
   3.7973006235728244        4.8013248568440002E-010
   3.8002953401529291        5.0812347055293348E-010
   3.8032900567330339        5.3654558850079912E-010
   3.8062847733131386        5.6535791639853713E-010
   3.8092794898932434        5.9451896020802853E-010
   3.8122742064733481        6.2398671635536447E-010
   3.8152689230534529        6.5371872777947699E-010
   3.8182636396335576        6.8367214582022011E-010
   3.8212583562136624        7.1380378329463995E-010
   3.8242530727937671        7.4407016381139803E-010
   3.8272477893738719        7.7442757886565047E-010
   3.8302425059539766        8.0483215087956561E-010
   3.8332372225340814        8.3523989854731717E-010
   3.8362319391141866        8.6560680248370087E-010
   3.8392266556942913        8.9588887179277018E-010
   3.8422213722743961        9.2604221146903695E-010
   3.8452160888545008        9.5602308379661533E-010
   3.8482108054346056        9.8578795464504631E-010
   3.8512055220147103        1.0152935242907683E-009
   3.8542002385948151        1.0444967554751338E-009
   3.8571949551749198        1.0733549150754439E-009
   3.8601896717550246        1.1018256473435404E-009
   3.8631843883351293        1.1298670634591828E-009
   3.8661791049152341        1.1574378203414909E-009
   3.8691738214953388        1.1844971799805257E-009
   3.8721685380754436        1.2110050515402864E-009
   3.8751632546555483        1.2369220278606060E-009
   3.8781579712356531        1.2622094301274583E-009
   3.8811526878157578        1.2868293685920477E-009
   3.8841474043958626        1.3107448187140236E-009
   3.8871421209759673        1.3339197051226516E-009
   3.8901368375560721        1.3563189831013122E-009
   3.8931315541361768        1.3779087099886470E-009
   3.8961262707162816        1.3986561053992070E-009
   3.8991209872963863        1.4185296057359418E-009
   3.9021157038764911        1.4374989196147235E-009
   3.9051104204565958        1.4555350849888974E-009
   3.9081051370367006        1.4726105238919832E-009
   3.9110998536168053        1.4886990920760220E-009
   3.9140945701969101        1.5037761279142327E-009
   3.9170892867770148        1.5178185101277364E-009
   3.9200840033571196        1.5308047284872065E-009
   3.9230787199372243        1.5427149573794917E-009
   3.9260734365173291        1.5535311117473830E-009
   3.9290681530974338        1.5632368708032902E-009
   3.9320628696775386        1.5718176755066131E-009
   3.9350575862576433        1.5792607243041190E-009
   3.9380523028377481        1.5855549905689802E-009
   3.9410470194178528        1.5906912636300687E-009
   3.9440417359979576        1.5946621915823907E-009
   3.9470364525780623        1.5974622995789397E-009
   3.9500311691581671        1.5990879761594960E-009
   3.9530258857382718        1.5995374447981277E-009
   3.9560206023183766        1.5988107454282991E-009
   3.9590153188984814        1.5969097350123266E-009
   3.9620100354785861        1.5938380934627914E-009
   3.9650047520586909        1.5896013138859535E-009
   3.9679994686387956        1.5842066707621757E-009
   3.9709941852189004        1.5776631807241689E-009
   3.9739889017990051        1.5699815762499324E-009
   3.9769836183791099        1.5611742969503065E-009
   3.9799783349592146        1.5512554821468472E-009
   3.9829730515393194        1.5402409436942261E-009
   3.9859677681194241        1.5281481147365847E-009
   3.9889624846995289        1.5149959916859775E-009
   3.9919572012796336        1.5008050914295864E-009
   3.9949519178597384        1.4855974287782477E-009
   3.9979466344398431        1.4693964975511411E-009
   4.0009413510199474        1.4522272341872453E-009
   4.0039360676000522        1.4341159597081591E-009
   4.0069307841801569        1.4150903167054932E-009
   4.0099255007602617        1.3951792213202714E-009
   4.0129202173403664        1.3744128325569369E-009
   4.0159149339204712        1.3528225210445365E-009
   4.0189096505005759        1.3304408177458819E-009
   4.0219043670806807        1.3073013421951022E-009
   4.0248990836607854        1.2834387300435072E-009
   4.0278938002408902        1.2588885797993751E-009
   4.0308885168209949        1.2336874179844896E-009
   4.0338832334010997        1.2078726615899323E-009
   4.0368779499812044        1.1814825580328689E-009
   4.0398726665613092        1.1545561049845784E-009
   4.0428673831414139        1.1271329727031766E-009
   4.0458620997215187        1.0992534484421029E-009
   4.0488568163016234        1.0709583986539812E-009
   4.0518515328817282        1.0422892246906314E-009
   4.0548462494618329        1.0132877935597128E-009
   4.0578409660419377        9.8399635095415262E-010
   4.0608356826220424        9.5445743929508764E-010
   4.0638303992021472        9.2471384405900530E-010
   4.0668251157822519        8.9480855913264005E-010
   4.0698198323623567        8.6478474473451631E-010
   4.0728145489424614        8.3468565851947237E-010
   4.0758092655225662        8.0455455538612543E-010
   4.0788039821026709        7.7443460227783527E-010
   4.0817986986827757        7.4436883065270924E-010
   4.0847934152628804        7.1440011155802385E-010
   4.0877881318429852        6.8457111765374280E-010
   4.0907828484230899        6.5492425055324761E-010
   4.0937775650031947        6.2550154698021798E-010
   4.0967722815832994        5.9634460343580670E-010
   4.0997669981634042        5.6749453266154460E-010
   4.1027617147435089        5.3899194030501869E-010
   4.1057564313236137        5.1087688930501205E-010
   4.1087511479037184        4.8318882819613459E-010
   4.1117458644838232        4.5596650147285629E-010
   4.1147405810639279        4.2924788083003439E-010
   4.1177352976440327        4.0307014020852178E-010
   4.1207300142241374        3.7746964764196603E-010
   4.1237247308042422        3.5248192601520197E-010
   4.1267194473843469        3.2814158007266557E-010
   4.1297141639644517        3.0448220734515275E-010
   4.1327088805445564        2.8153634959339809E-010
   4.1357035971246612        2.5933549396963880E-010
   4.1386983137047659        2.3791006556665986E-010
   4.1416930302848707        2.1728938345782533E-010
   4.1446877468649754        1.9750157694119774E-010
   4.1476824634450802        1.7857352918235116E-010
   4.1506771800251849        1.6053085238891599E-010
   4.1536718966052897        1.4339789382989819E-010
   4.1566666131853944        1.2719772698717156E-010
   4.1596613297654992        1.1195212096647866E-010
   4.1626560463456039        9.7681465269043329E-011
   4.1656507629257087        8.4404712962512072E-011
   4.1686454795058134        7.2139383810056276E-011
   4.1716401960859182        6.0901597834144002E-011
   4.1746349126660229        5.0706067657937536E-011
   4.1776296292461277        4.1566052291458951E-011
   4.1806243458262324        3.3493303307745476E-011
   4.1836190624063372        2.6498018666810960E-011
   4.1866137789864419        2.0588727529302950E-011
   4.1896084955665467        1.5772218267926326E-011
   4.1926032121466514        1.2053619189927325E-011
   4.1955979287267562        9.4363934437887290E-012
   4.1985926453068609        7.9223797303781990E-012
   4.2015873618869657        7.5118635205425409E-012
   4.2045820784670704        8.2035831049432574E-012
   4.2075767950471752        9.9947737407159514E-012
   4.2105715116272799        1.2881157031583538E-011
   4.2135662282073847        1.6856943778388392E-011
   4.2165609447874894        2.1914891615850672E-011
   4.2195556613675942        2.8046359599594166E-011
   4.2225503779476989        3.5241351154894575E-011
   4.2255450945278037        4.3488685544839280E-011
   4.2285398111079084        5.2775951985908927E-011
   4.2315345276880132        6.3089332493341116E-011
   4.2345292442681179        7.4413590031380204E-011
   4.2375239608482227        8.6732091265880592E-011
   4.2405186774283274        1.0002684273299504E-010
   4.2435133940084322        1.1427849311186745E-010
   4.2465081105885369        1.2946635840798685E-010
   4.2495028271686417        1.4556845704904044E-010
   4.2524975437487464        1.6256154362426561E-010
   4.2554922603288512        1.8042113426361497E-010
   4.2584869769089559        1.9912154534382379E-010
   4.2614816934890607        2.1863591790195867E-010
   4.2644764100691654        2.3893624275323174E-010
   4.2674711266492702        2.5999340150938102E-010
   4.2704658432293749        2.8177721610563963E-010
   4.2734605598094797        3.0425649382098095E-010
   4.2764552763895844        3.2739906122040457E-010
   4.2794499929696892        3.5117179611575324E-010
   4.2824447095497939        3.7554066941248609E-010
   4.2854394261298987        4.0047079577716058E-010
   4.2884341427100034        4.2592648629716877E-010
   4.2914288592901082        4.5187129844814616E-010
   4.2944235758702130        4.7826808200582662E-010
   4.2974182924503177        5.0507902645585709E-010
   4.3004130090304225        5.3226571379725654E-010
   4.3034077256105272        5.5978917578218926E-010
   4.3064024421906320        5.8760994828615031E-010
   4.3093971587707367        6.1568812829834712E-010
   4.3123918753508415        6.4398342573858413E-010
   4.3153865919309462        6.7245520544078161E-010
   4.3183813085110510        7.0106253295471867E-010
   4.3213760250911557        7.2976422889342217E-010
   4.3243707416712605        7.5851893009854903E-010
   4.3273654582513652        7.8728515264324002E-010
   4.3303601748314700        8.1602135553766562E-010
   4.3333548914115747        8.4468600624361828E-010
   4.3363496079916795        8.7323764237210182E-010
   4.3393443245717842        9.0163491841243807E-010
   4.3423390411518890        9.2983663142098136E-010
   4.3453337577319937        9.5780173311722372E-010
   4.3483284743120985        9.8548935058777932E-010
   4.3513231908922032        1.0128588449491177E-009
   4.3543179074723080        1.0398698936476516E-009
   4.3573126240524127        1.0664825762201820E-009
   4.3603073406325175        1.0926574473342025E-009
   4.3633020572126222        1.1183555873400141E-009
   4.3662967737927270        1.1435386366459355E-009
   4.3692914903728317        1.1681688287526833E-009
   4.3722862069529365        1.1922090364128016E-009
   4.3752809235330412        1.2156228383603808E-009
   4.3782756401131460        1.2383746027969379E-009
   4.3812703566932507        1.2604295765972953E-009
   4.3842650732733555        1.2817539686297126E-009
   4.3872597898534602        1.3023150212639082E-009
   4.3902545064335650        1.3220810728275640E-009
   4.3932492230136697        1.3410216176383294E-009
   4.3962439395937745        1.3591073663891264E-009
   4.3992386561738792        1.3763103031675544E-009
   4.4022333727539840        1.3926037349451136E-009
   4.4052280893340887        1.4079623375526363E-009
   4.4082228059141935        1.4223622107826100E-009
   4.4112175224942982        1.4357809525256375E-009
   4.4142122390744030        1.4481977456018550E-009
   4.4172069556545077        1.4595934339824727E-009
   4.4202016722346125        1.4699505647448390E-009
   4.4231963888147172        1.4792533926503610E-009
   4.4261911053948220        1.4874878699719059E-009
   4.4291858219749267        1.4946416521154857E-009
   4.4321805385550315        1.5007041309723715E-009
   4.4351752551351362        1.5056664829526206E-009
   4.4381699717152410        1.5095216987073420E-009
   4.4411646882953457        1.5122645785275367E-009
   4.4441594048754505        1.5138917076173695E-009
   4.4471541214555552        1.5144014356466720E-009
   4.4501488380356600        1.5137938740931747E-009
   4.4531435546157647        1.5120709013183977E-009
   4.4561382711958695        1.5092361538796875E-009
   4.4591329877759742        1.5052949944806388E-009
   4.4621277043560790        1.5002544697606248E-009
   4.4651224209361837        1.4941232809518214E-009
   4.4681171375162885        1.4869117763587326E-009
   4.4711118540963932        1.4786319501695568E-009
   4.4741065706764980        1.4692974221455702E-009
   4.4771012872566027        1.4589233882529503E-009
   4.4800960038367075        1.4475265586264784E-009
   4.4830907204168122        1.4351251101207236E-009
   4.4860854369969170        1.4217386647242071E-009
   4.4890801535770217        1.4073882778910019E-009
   4.4920748701571265        1.3920964097920434E-009
   4.4950695867372312        1.3758868690283955E-009
   4.4980643033173360        1.3587847457889670E-009
   4.5010590198974407        1.3408163608146989E-009
   4.5040537364775455        1.3220092392910847E-009
   4.5070484530576502        1.3023920905130682E-009
   4.5100431696377550        1.2819947652141305E-009
   4.5130378862178597        1.2608481849242411E-009
   4.5160326027979645        1.2389842650531479E-009
   4.5190273193780692        1.2164358589612567E-009
   4.5220220359581740        1.1932367298882099E-009
   4.5250167525382787        1.1694215323224275E-009
   4.5280114691183835        1.1450257632904005E-009
   4.5310061856984882        1.1200856778569237E-009
   4.5340009022785930        1.0946381996501166E-009
   4.5369956188586977        1.0687208597176660E-009
   4.5399903354388025        1.0423717695140254E-009
   4.5429850520189072        1.0156296001993803E-009
   4.5459797685990120        9.8853352845646889E-010
   4.5489744851791167        9.6112314419302114E-010
   4.5519692017592215        9.3343835599403085E-010
   4.5549639183393262        9.0551933220300976E-010
   4.5579586349194310        8.7740647318897882E-010
   4.5609533514995357        8.4914038645073964E-010
   4.5639480680796405        8.2076182770861391E-010
   4.5669427846597452        7.9231161366693060E-010
   4.5699375012398500        7.6383052830856673E-010
   4.5729322178199547        7.3535926003001512E-010
   4.5759269344000595        7.0693838274374482E-010
   4.5789216509801642        6.7860833482335984E-010
   4.5819163675602690        6.5040936099867229E-010
   4.5849110841403737        6.2238142087895436E-010
   4.5879058007204785        5.9456410210938421E-010
   4.5909005173005832        5.6699657523853030E-010
   4.5938952338806880        5.3971757372138032E-010
   4.5968899504607927        5.1276537125521797E-010
   4.5998846670408984        4.8617772243957850E-010
   4.6028793836210031        4.5999177263608870E-010
   4.6058741002011079        4.3424398210241745E-010
   4.6088688167812126        4.0897009354281810E-010
   4.6118635333613174        3.8420513503966269E-010
   4.6148582499414221        3.5998339360622870E-010
   4.6178529665215269        3.3633834885917643E-010
   4.6208476831016316        3.1330257663333351E-010
   4.6238423996817364        2.9090768687441666E-010
   4.6268371162618411        2.6918432668596276E-010
   4.6298318328419459        2.4816219135152858E-010
   4.6328265494220506        2.2786999661119092E-010
   4.6358212660021554        2.0833538895059154E-010
   4.6388159825822601        1.8958486839597526E-010
   4.6418106991623649        1.7164375377675625E-010
   4.6448054157424696        1.5453619796615839E-010
   4.6478001323225744        1.3828520037457353E-010
   4.6507948489026791        1.2291259127457746E-010
   4.6537895654827839        1.0843895081091742E-010
   4.6567842820628886        9.4883522800052995E-011
   4.6597789986429934        8.2264193979695663E-011
   4.6627737152230981        7.0597548331978884E-011
   4.6657684318032029        5.9898893633500171E-011
   4.6687631483833076        5.0182222265717708E-011
   4.6717578649634124        4.1460141736730612E-011
   4.6747525815435171        3.3743808651935103E-011
   4.6777472981236219        2.7042880791254998E-011
   4.6807420147037266        2.1365428768016636E-011
   4.6837367312838314        1.6717985679867150E-011
   4.6867314478639361        1.3105504622810426E-011
   4.6897261644440409        1.0531378831894185E-011
   4.6927208810241456        8.9975081308195676E-012
   4.6957155976042504        8.5043581424378923E-012
   4.6987103141843551        9.0509397976664590E-012
   4.7017050307644599        1.0634849642546154E-011
   4.7046997473445646        1.3252252140779523E-011
   4.7076944639246694        1.6897899693637104E-011
   4.7106891805047741        2.1565171893620199E-011
   4.7136838970848789        2.7246127591245072E-011
   4.7166786136649836        3.3931496241483971E-011
   4.7196733302450884        4.1610731036377821E-011
   4.7226680468251931        5.0272198208408000E-011
   4.7256627634052979        5.9903105637005079E-011
   4.7286574799854026        7.0489339011897604E-011
   4.7316521965655074        8.2015479846289466E-011
   4.7346469131456121        9.4464828595320463E-011
   4.7376416297257169        1.0781939678336762E-010
   4.7406363463058216        1.2205994141719850E-010
   4.7436310628859264        1.3716600738588827E-010
   4.7466257794660311        1.5311595383162880E-010
   4.7496204960461359        1.6988696548022851E-010
   4.7526152126262406        1.8745508790644037E-010
   4.7556099292063454        2.0579525810268433E-010
   4.7586046457864501        2.2488133067253042E-010
   4.7615993623665549        2.4468611360427884E-010
   4.7645940789466596        2.6518141069699374E-010
   4.7675887955267644        2.8633806308314994E-010
   4.7705835121068692        3.0812598054458204E-010
   4.7735782286869739        3.3051417219261318E-010
   4.7765729452670787        3.5347078543685321E-010
   4.7795676618471834        3.7696315214920448E-010
   4.7825623784272882        4.0095783823385744E-010
   4.7855570950073929        4.2542069045220955E-010
   4.7885518115874977        4.5031687939621059E-010
   4.7915465281676024        4.7561094360961987E-010
   4.7945412447477072        5.0126683858167751E-010
   4.7975359613278119        5.2724798796342938E-010
   4.8005306779079167        5.5351733724826603E-010
   4.8035253944880214        5.8003740688003503E-010
   4.8065201110681262        6.0677033047334561E-010
   4.8095148276482309        6.3367788936728359E-010
   4.8125095442283357        6.6072155529920826E-010
   4.8155042608084404        6.8786254426050074E-010
   4.8184989773885452        7.1506187604556838E-010
   4.8214936939686499        7.4228043517299099E-010
   4.8244884105487547        7.6947903385057459E-010
   4.8274831271288594        7.9661847388188975E-010
   4.8304778437089642        8.2365959678098395E-010
   4.8334725602890689        8.5056331019974516E-010
   4.8364672768691737        8.7729058922618807E-010
   4.8394619934492784        9.0380247828842001E-010
   4.8424567100293832        9.3006012310631488E-010
   4.8454514266094879        9.5602483631503799E-010
   4.8484461431895927        9.8165818554825074E-010
   4.8514408597696974        1.0069220800644430E-009
   4.8544355763498022        1.0317788348310264E-009
   4.8574302929299069        1.0561912081112088E-009
   4.8604250095100117        1.0801224271847177E-009
   4.8634197260901164        1.1035362215553916E-009
   4.8664144426702212        1.1263968780989027E-009
   4.8694091592503259        1.1486693205751147E-009
   4.8724038758304307        1.1703192025407921E-009
   4.8753985924105354        1.1913129981841690E-009
   4.8783933089906402        1.2116180815509108E-009
   4.8813880255707449        1.2312027955323219E-009
   4.8843827421508497        1.2500365184792199E-009
   4.8873774587309544        1.2680897329926503E-009
   4.8903721753110592        1.2853340917751370E-009
   4.8933668918911639        1.3017424743414996E-009
   4.8963616084712687        1.3172890337012159E-009
   4.8993563250513734        1.3319492413872316E-009
   4.9023510416314782        1.3456999514447388E-009
   4.9053457582115829        1.3585194893044842E-009
   4.9083404747916877        1.3703877452355563E-009
   4.9113351913717924        1.3812862425333638E-009
   4.9143299079518972        1.3911981636621668E-009
   4.9173246245320019        1.4001083454985664E-009
   4.9203193411121067        1.4080032740897367E-009
   4.9233140576922114        1.4148711033072083E-009
   4.9263087742723162        1.4207016956243008E-009
   4.9293034908524209        1.4254866602567041E-009
   4.9322982074325257        1.4292193644369846E-009
   4.9352929240126304        1.4318949161485479E-009
   4.9382876405927352        1.4335101391611034E-009
   4.9412823571728399        1.4340635621219532E-009
   4.9442770737529447        1.4335554226978643E-009
   4.9472717903330494        1.4319876669409181E-009
   4.9502665069131542        1.4293639249310114E-009
   4.9532612234932589        1.4256894659404387E-009
   4.9562559400733637        1.4209711570010175E-009
   4.9592506566534684        1.4152174454654089E-009
   4.9622453732335732        1.4084383606522033E-009
   4.9652400898136779        1.4006455073241505E-009
   4.9682348063937827        1.3918520282813344E-009
   4.9712295229738874        1.3820725417265006E-009
   4.9742242395539922        1.3713230830942685E-009
   4.9772189561340969        1.3596210755714168E-009
   4.9802136727142017        1.3469853230134024E-009
   4.9832083892943064        1.3334359942755217E-009
   4.9862031058744112        1.3189945752352884E-009
   4.9891978224545159        1.3036837975105112E-009
   4.9921925390346207        1.2875275772899650E-009
   4.9951872556147254        1.2705509872603298E-009
   4.9981819721948302        1.2527802486966998E-009
